t,policy,task_difficulty,chosen_agent,match_score,load,latency_ms,call_cost,success,is_shock,rolling_success,reward_used_for_update
0,linucb,hard,A,0.8,0.0,0.0,1.0,1,0,1.0,1.0
1,linucb,simple,B,0.6,0.0,0.0,0.1,1,0,1.0,1.0
2,linucb,simple,B,0.6,0.0,0.0011920928955078125,0.1,1,0,1.0,1.0
3,linucb,simple,A,0.8,0.0,0.00095367431640625,1.0,1,0,1.0,1.0
4,linucb,simple,B,0.6,0.0,0.0011920928955078125,0.1,1,0,1.0,1.0
5,linucb,hard,B,0.6,0.0,0.0,0.1,0,0,0.8333333333333334,0.0
6,linucb,simple,A,0.8,0.0,0.0,1.0,1,0,0.8571428571428571,1.0
7,linucb,simple,A,0.8,0.0,0.0,1.0,1,0,0.875,1.0
8,linucb,hard,A,0.8,0.0,0.0,1.0,1,0,0.8888888888888888,1.0
9,linucb,simple,A,0.8,0.0,0.00095367431640625,1.0,1,0,0.9,1.0
10,linucb,simple,C,0.6,0.0,0.0,0.3,1,0,0.9090909090909091,1.0
11,linucb,hard,A,0.8,0.0,0.0,1.0,1,0,0.9166666666666666,1.0
12,linucb,hard,A,0.8,0.0,0.0,1.0,1,0,0.9230769230769231,1.0
13,linucb,simple,A,0.8,0.0,0.0,1.0,1,0,0.9285714285714286,1.0
14,linucb,hard,A,0.8,0.0,0.00095367431640625,1.0,1,0,0.9333333333333333,1.0
15,linucb,simple,A,0.8,0.0,0.0,1.0,1,0,0.9375,1.0
16,linucb,hard,A,0.8,0.0,0.0,1.0,1,0,0.9411764705882353,1.0
17,linucb,simple,A,0.8,0.0,0.0,1.0,1,0,0.9444444444444444,1.0
18,linucb,simple,A,0.8,0.0,0.0,1.0,1,0,0.9473684210526315,1.0
19,linucb,hard,A,0.8,0.0,0.00095367431640625,1.0,1,0,0.95,1.0
20,linucb,simple,A,0.8,0.0,0.00095367431640625,1.0,1,0,0.9523809523809523,1.0
21,linucb,simple,C,0.6,0.0,0.0,0.3,1,0,0.9545454545454546,1.0
22,linucb,simple,A,0.8,0.0,0.0,1.0,1,0,0.9565217391304348,1.0
23,linucb,hard,A,0.8,0.0,0.0,1.0,1,0,0.9583333333333334,1.0
24,linucb,simple,A,0.8,0.0,0.0,1.0,1,0,0.96,1.0
25,linucb,simple,A,0.8,0.0,0.0,1.0,1,0,0.9615384615384616,1.0
26,linucb,hard,A,0.8,0.0,0.0011920928955078125,1.0,1,0,0.9629629629629629,1.0
27,linucb,simple,A,0.8,0.0,0.0,1.0,1,0,0.9642857142857143,1.0
28,linucb,hard,A,0.8,0.0,0.0011920928955078125,1.0,1,0,0.9655172413793104,1.0
29,linucb,hard,A,0.8,0.0,0.0,1.0,1,0,0.9666666666666667,1.0
30,linucb,simple,C,0.6,0.0,0.00095367431640625,0.3,1,0,0.967741935483871,1.0
31,linucb,hard,A,0.8,0.0,0.0,1.0,1,0,0.96875,1.0
32,linucb,simple,A,0.8,0.0,0.0,1.0,1,0,0.9696969696969697,1.0
33,linucb,simple,A,0.8,0.0,0.0,1.0,1,0,0.9705882352941176,1.0
34,linucb,hard,A,0.8,0.0,0.0,1.0,1,0,0.9714285714285714,1.0
35,linucb,hard,A,0.8,0.0,0.0,1.0,1,0,0.9722222222222222,1.0
36,linucb,hard,B,0.6,0.0,0.0,0.1,0,0,0.9459459459459459,0.0
37,linucb,simple,B,0.6,0.0,0.00095367431640625,0.1,1,0,0.9473684210526315,1.0
38,linucb,simple,A,0.8,0.0,0.0,1.0,1,0,0.9487179487179487,1.0
39,linucb,hard,A,0.8,0.0,0.0,1.0,1,0,0.95,1.0
40,linucb,hard,A,0.8,0.0,0.0,1.0,1,0,0.9512195121951219,1.0
41,linucb,hard,A,0.8,0.0,0.0,1.0,1,0,0.9523809523809523,1.0
42,linucb,hard,A,0.8,0.0,0.0,1.0,1,0,0.9534883720930233,1.0
43,linucb,simple,A,0.8,0.0,0.0,1.0,1,0,0.9545454545454546,1.0
44,linucb,simple,B,0.6,0.0,0.0,0.1,1,0,0.9555555555555556,1.0
45,linucb,simple,A,0.8,0.0,0.00095367431640625,1.0,1,0,0.9565217391304348,1.0
46,linucb,hard,A,0.8,0.0,0.0,1.0,1,0,0.9574468085106383,1.0
47,linucb,simple,A,0.8,0.0,0.0,1.0,1,0,0.9583333333333334,1.0
48,linucb,hard,A,0.8,0.0,0.0,1.0,1,0,0.9591836734693877,1.0
49,linucb,simple,A,0.8,0.0,0.0,1.0,1,0,0.96,1.0
50,linucb,hard,C,0.6,0.0,0.0,0.3,1,0,0.96,1.0
51,linucb,hard,A,0.8,0.0,0.0,1.0,1,0,0.96,1.0
52,linucb,hard,A,0.8,0.0,0.0,1.0,1,0,0.96,1.0
53,linucb,simple,B,0.6,0.0,0.00095367431640625,0.1,0,0,0.94,0.0
54,linucb,simple,B,0.6,0.0,0.0011920928955078125,0.1,1,0,0.94,1.0
55,linucb,hard,A,0.8,0.0,0.0,1.0,1,0,0.96,1.0
56,linucb,simple,A,0.8,0.0,0.00095367431640625,1.0,1,0,0.96,1.0
57,linucb,hard,A,0.8,0.0,0.0,1.0,1,0,0.96,1.0
58,linucb,simple,B,0.6,0.0,0.0,0.1,1,0,0.96,1.0
59,linucb,hard,A,0.8,0.0,0.0,1.0,1,0,0.96,1.0
60,linucb,simple,A,0.8,0.0,0.0,1.0,1,0,0.96,1.0
61,linucb,simple,A,0.8,0.0,0.0,1.0,1,0,0.96,1.0
62,linucb,simple,A,0.8,0.0,0.00095367431640625,1.0,1,0,0.96,1.0
63,linucb,hard,A,0.8,0.0,0.0,1.0,1,0,0.96,1.0
64,linucb,simple,B,0.6,0.0,0.0,0.1,1,0,0.96,1.0
65,linucb,hard,A,0.8,0.0,0.0,1.0,1,0,0.96,1.0
66,linucb,simple,A,0.8,0.0,0.00095367431640625,1.0,1,0,0.96,1.0
67,linucb,simple,A,0.8,0.0,0.0,1.0,1,0,0.96,1.0
68,linucb,simple,A,0.8,0.0,0.00095367431640625,1.0,1,0,0.96,1.0
69,linucb,hard,A,0.8,0.0,0.0,1.0,1,0,0.96,1.0
70,linucb,simple,C,0.6,0.0,0.0,0.3,1,0,0.96,1.0
71,linucb,simple,A,0.8,0.0,0.0,1.0,1,0,0.96,1.0
72,linucb,simple,B,0.6,0.0,0.00095367431640625,0.1,1,0,0.96,1.0
73,linucb,simple,A,0.8,0.0,0.0,1.0,1,0,0.96,1.0
74,linucb,hard,A,0.8,0.0,0.0,1.0,1,0,0.96,1.0
75,linucb,hard,A,0.8,0.0,0.0011920928955078125,1.0,1,0,0.96,1.0
76,linucb,simple,A,0.8,0.0,0.0,1.0,1,0,0.96,1.0
77,linucb,simple,A,0.8,0.0,0.00095367431640625,1.0,1,0,0.96,1.0
78,linucb,simple,B,0.6,0.0,0.0,0.1,1,0,0.96,1.0
79,linucb,hard,A,0.8,0.0,0.0,1.0,1,0,0.96,1.0
80,linucb,simple,A,0.8,0.0,0.0,1.0,1,0,0.96,1.0
81,linucb,hard,C,0.6,0.0,0.0,0.3,1,0,0.96,1.0
82,linucb,hard,A,0.8,0.0,0.0,1.0,1,0,0.96,1.0
83,linucb,simple,A,0.8,0.0,0.0,1.0,1,0,0.96,1.0
84,linucb,hard,A,0.8,0.0,0.0,1.0,1,0,0.96,1.0
85,linucb,hard,B,0.6,0.0,0.0,0.1,0,0,0.94,0.0
86,linucb,hard,B,0.6,0.0,0.0,0.1,0,0,0.94,0.0
87,linucb,hard,B,0.6,0.0,0.00095367431640625,0.1,0,0,0.92,0.0
88,linucb,hard,B,0.6,0.0,0.00095367431640625,0.1,1,0,0.92,1.0
89,linucb,hard,B,0.6,0.0,0.0,0.1,1,0,0.92,1.0
90,linucb,simple,A,0.8,0.0,0.00095367431640625,1.0,1,0,0.92,1.0
91,linucb,hard,A,0.8,0.0,0.0,1.0,1,0,0.92,1.0
92,linucb,simple,A,0.8,0.0,0.0,1.0,1,0,0.92,1.0
93,linucb,simple,A,0.8,0.0,0.0,1.0,1,0,0.92,1.0
94,linucb,hard,A,0.8,0.0,0.0,1.0,1,0,0.92,1.0
95,linucb,simple,B,0.6,0.0,0.0,0.1,1,0,0.92,1.0
96,linucb,simple,A,0.8,0.0,0.0,1.0,0,0,0.9,0.0
97,linucb,hard,B,0.6,0.0,0.0,0.1,0,0,0.88,0.0
98,linucb,simple,B,0.6,0.0,0.0,0.1,0,0,0.86,0.0
99,linucb,hard,B,0.6,0.0,0.00095367431640625,0.1,0,0,0.84,0.0
100,linucb,simple,B,0.6,0.0,0.0,0.1,1,0,0.84,1.0
101,linucb,hard,B,0.6,0.0,0.0,0.1,0,0,0.82,0.0
102,linucb,hard,B,0.6,0.0,0.00095367431640625,0.1,0,0,0.8,0.0
103,linucb,hard,B,0.6,0.0,0.0,0.1,0,0,0.8,0.0
104,linucb,hard,B,0.6,0.0,0.0,0.1,0,0,0.78,0.0
105,linucb,hard,B,0.6,0.0,0.0,0.1,0,0,0.76,0.0
106,linucb,hard,B,0.6,0.0,0.0011920928955078125,0.1,1,0,0.76,1.0
107,linucb,simple,B,0.6,0.0,0.00095367431640625,0.1,1,0,0.76,1.0
108,linucb,simple,B,0.6,0.0,0.0011920928955078125,0.1,1,0,0.76,1.0
109,linucb,hard,A,0.8,0.0,0.0,1.0,1,0,0.76,1.0
110,linucb,hard,A,0.8,0.0,0.0,1.0,1,0,0.76,1.0
111,linucb,simple,A,0.8,0.0,0.0,1.0,1,0,0.76,1.0
112,linucb,simple,A,0.8,0.0,0.0,1.0,1,0,0.76,1.0
113,linucb,simple,A,0.8,0.0,0.0,1.0,1,0,0.76,1.0
114,linucb,simple,A,0.8,0.0,0.0,1.0,1,0,0.76,1.0
115,linucb,hard,A,0.8,0.0,0.0,1.0,1,0,0.76,1.0
116,linucb,simple,A,0.8,0.0,0.0,1.0,1,0,0.76,1.0
117,linucb,simple,A,0.8,0.0,0.0,1.0,1,0,0.76,1.0
118,linucb,hard,A,0.8,0.0,0.0,1.0,1,0,0.76,1.0
119,linucb,hard,A,0.8,0.0,0.0,1.0,1,0,0.76,1.0
120,linucb,simple,A,0.8,0.0,0.0,1.0,1,0,0.76,1.0
121,linucb,simple,A,0.8,0.0,0.0,1.0,1,0,0.76,1.0
122,linucb,hard,A,0.8,0.0,0.00095367431640625,1.0,1,0,0.76,1.0
123,linucb,simple,A,0.8,0.0,0.0,1.0,1,0,0.76,1.0
124,linucb,hard,B,0.6,0.0,0.0,0.1,1,0,0.76,1.0
125,linucb,hard,A,0.8,0.0,0.0,1.0,1,0,0.76,1.0
126,linucb,hard,A,0.8,0.0,0.0,1.0,1,0,0.76,1.0
127,linucb,simple,A,0.8,0.0,0.0011920928955078125,1.0,1,0,0.76,1.0
128,linucb,hard,A,0.8,0.0,0.0,1.0,1,0,0.76,1.0
129,linucb,simple,A,0.8,0.0,0.0,1.0,1,0,0.76,1.0
130,linucb,hard,A,0.8,0.0,0.0,1.0,1,0,0.76,1.0
131,linucb,simple,A,0.8,0.0,0.00095367431640625,1.0,1,0,0.76,1.0
132,linucb,hard,A,0.8,0.0,0.00095367431640625,1.0,1,0,0.76,1.0
133,linucb,simple,A,0.8,0.0,0.00095367431640625,1.0,1,0,0.76,1.0
134,linucb,hard,A,0.8,0.0,0.0011920928955078125,1.0,1,0,0.76,1.0
135,linucb,hard,A,0.8,0.0,0.0,1.0,1,0,0.78,1.0
136,linucb,simple,A,0.8,0.0,0.0,1.0,1,0,0.8,1.0
137,linucb,hard,A,0.8,0.0,0.0011920928955078125,1.0,1,0,0.82,1.0
138,linucb,hard,A,0.8,0.0,0.0,1.0,1,0,0.82,1.0
139,linucb,hard,A,0.8,0.0,0.0,1.0,1,0,0.82,1.0
140,linucb,hard,B,0.6,0.0,0.0,0.1,0,0,0.8,0.0
141,linucb,hard,B,0.6,0.0,0.00095367431640625,0.1,0,0,0.78,0.0
142,linucb,hard,B,0.6,0.0,0.00095367431640625,0.1,0,0,0.76,0.0
143,linucb,simple,B,0.6,0.0,0.00095367431640625,0.1,1,0,0.76,1.0
144,linucb,hard,A,0.8,0.0,0.0011920928955078125,1.0,1,0,0.76,1.0
145,linucb,simple,A,0.8,0.0,0.0,1.0,1,0,0.76,1.0
146,linucb,hard,B,0.6,0.0,0.0,0.1,0,0,0.76,0.0
147,linucb,simple,B,0.6,0.0,0.0,0.1,1,0,0.78,1.0
148,linucb,simple,A,0.8,0.0,0.00095367431640625,1.0,1,0,0.8,1.0
149,linucb,hard,A,0.8,0.0,0.0,1.0,1,0,0.82,1.0
150,linucb,hard,A,0.8,0.0,0.0,1.0,0,0,0.8,0.0
151,linucb,simple,B,0.6,0.0,0.0,0.1,1,0,0.82,1.0
152,linucb,hard,B,0.6,0.0,0.0011920928955078125,0.1,0,0,0.82,0.0
153,linucb,simple,B,0.6,0.0,0.0,0.1,1,0,0.84,1.0
154,linucb,hard,B,0.6,0.0,0.0011920928955078125,0.1,1,0,0.86,1.0
155,linucb,hard,A,0.8,0.0,0.0019073486328125,1.0,1,0,0.88,1.0
156,linucb,simple,A,0.8,0.0,0.0007152557373046875,1.0,1,0,0.88,1.0
157,linucb,hard,A,0.8,0.0,0.0011920928955078125,1.0,1,0,0.88,1.0
158,linucb,hard,A,0.8,0.0,0.0,1.0,1,0,0.88,1.0
159,linucb,simple,A,0.8,0.0,0.0,1.0,1,0,0.88,1.0
160,linucb,simple,A,0.8,0.0,0.0,1.0,1,0,0.88,1.0
161,linucb,simple,A,0.8,0.0,0.0,1.0,1,0,0.88,1.0
162,linucb,hard,A,0.8,0.0,0.0,1.0,1,0,0.88,1.0
163,linucb,simple,A,0.8,0.0,0.0,1.0,1,0,0.88,1.0
164,linucb,simple,A,0.8,0.0,0.0,1.0,1,0,0.88,1.0
165,linucb,simple,A,0.8,0.0,0.0,1.0,1,0,0.88,1.0
166,linucb,hard,A,0.8,0.0,0.00095367431640625,1.0,1,0,0.88,1.0
167,linucb,hard,A,0.8,0.0,0.0,1.0,1,0,0.88,1.0
168,linucb,hard,A,0.8,0.0,0.0,1.0,1,0,0.88,1.0
169,linucb,hard,A,0.8,0.0,0.0,1.0,1,0,0.88,1.0
170,linucb,simple,A,0.8,0.0,0.0,1.0,1,0,0.88,1.0
171,linucb,hard,A,0.8,0.0,0.0,1.0,1,0,0.88,1.0
172,linucb,hard,A,0.8,0.0,0.0011920928955078125,1.0,1,0,0.88,1.0
173,linucb,simple,A,0.8,0.0,0.0,1.0,1,0,0.88,1.0
174,linucb,simple,A,0.8,0.0,0.0,1.0,1,0,0.88,1.0
175,linucb,simple,A,0.8,0.0,0.0,1.0,1,0,0.88,1.0
176,linucb,hard,A,0.8,0.0,0.0,1.0,1,0,0.88,1.0
177,linucb,hard,A,0.8,0.0,0.0,1.0,1,0,0.88,1.0
178,linucb,simple,A,0.8,0.0,0.0,1.0,1,0,0.88,1.0
179,linucb,hard,A,0.8,0.0,0.0,1.0,1,0,0.88,1.0
180,linucb,simple,A,0.8,0.0,0.0,1.0,1,0,0.88,1.0
181,linucb,simple,A,0.8,0.0,0.0,1.0,1,0,0.88,1.0
182,linucb,simple,A,0.8,0.0,0.00095367431640625,1.0,1,0,0.88,1.0
183,linucb,hard,A,0.8,0.0,0.0,1.0,1,0,0.88,1.0
184,linucb,hard,A,0.8,0.0,0.0,1.0,1,0,0.88,1.0
185,linucb,hard,A,0.8,0.0,0.0,1.0,1,0,0.88,1.0
186,linucb,hard,A,0.8,0.0,0.0,1.0,1,0,0.88,1.0
187,linucb,hard,A,0.8,0.0,0.0,1.0,1,0,0.88,1.0
188,linucb,simple,A,0.8,0.0,0.0,1.0,1,0,0.88,1.0
189,linucb,simple,A,0.8,0.0,0.0,1.0,1,0,0.88,1.0
190,linucb,simple,A,0.8,0.0,0.0,1.0,1,0,0.9,1.0
191,linucb,hard,A,0.8,0.0,0.0,1.0,1,0,0.92,1.0
192,linucb,hard,A,0.8,0.0,0.00095367431640625,1.0,1,0,0.94,1.0
193,linucb,simple,A,0.8,0.0,0.00095367431640625,1.0,1,0,0.94,1.0
194,linucb,hard,A,0.8,0.0,0.0,1.0,1,0,0.94,1.0
195,linucb,simple,A,0.8,0.0,0.0,1.0,1,0,0.94,1.0
196,linucb,hard,A,0.8,0.0,0.0,1.0,1,0,0.96,1.0
197,linucb,simple,B,0.6,0.0,0.0,0.1,1,0,0.96,1.0
198,linucb,hard,A,0.8,0.0,0.00095367431640625,1.0,0,0,0.94,0.0
199,linucb,hard,B,0.6,0.0,0.00095367431640625,0.1,0,0,0.92,0.0
200,linucb,simple,B,0.6,0.0,0.0,0.1,0,0,0.92,0.0
201,linucb,simple,B,0.6,0.0,0.0,0.1,0,0,0.9,0.0
202,linucb,hard,B,0.6,0.0,0.0,0.1,0,0,0.9,0.0
203,linucb,hard,B,0.6,0.0,0.0,0.1,1,0,0.9,1.0
204,linucb,simple,B,0.6,0.0,0.0,0.1,1,0,0.9,1.0
205,linucb,hard,B,0.6,0.0,0.0,0.1,0,0,0.88,0.0
206,linucb,hard,B,0.6,0.0,0.0,0.1,0,0,0.86,0.0
207,linucb,hard,B,0.6,0.0,0.0,0.1,1,0,0.86,1.0
208,linucb,simple,B,0.6,0.0,0.00095367431640625,0.1,1,0,0.86,1.0
209,linucb,simple,A,0.8,0.0,0.0,1.0,1,0,0.86,1.0
210,linucb,simple,A,0.8,0.0,0.0,1.0,1,0,0.86,1.0
211,linucb,hard,A,0.8,0.0,0.00095367431640625,1.0,1,0,0.86,1.0
212,linucb,hard,A,0.8,0.0,0.0,1.0,1,0,0.86,1.0
213,linucb,simple,A,0.8,0.0,0.0,1.0,1,0,0.86,1.0
214,linucb,hard,A,0.8,0.0,0.0,1.0,1,0,0.86,1.0
215,linucb,hard,A,0.8,0.0,0.0,1.0,0,0,0.84,0.0
216,linucb,simple,B,0.6,0.0,0.0,0.1,1,0,0.84,1.0
217,linucb,simple,B,0.6,0.0,0.0,0.1,1,0,0.84,1.0
218,linucb,hard,A,0.8,0.0,0.0,1.0,1,0,0.84,1.0
219,linucb,hard,A,0.8,0.0,0.0,1.0,1,0,0.84,1.0
220,linucb,hard,A,0.8,0.0,0.0,1.0,1,0,0.84,1.0
221,linucb,simple,A,0.8,0.0,0.0011920928955078125,1.0,1,0,0.84,1.0
222,linucb,simple,A,0.8,0.0,0.0,1.0,1,0,0.84,1.0
223,linucb,simple,A,0.8,0.0,0.0,1.0,1,0,0.84,1.0
224,linucb,simple,A,0.8,0.0,0.0,1.0,1,0,0.84,1.0
225,linucb,hard,A,0.8,0.0,0.0,1.0,1,0,0.84,1.0
226,linucb,hard,A,0.8,0.0,0.0,1.0,1,0,0.84,1.0
227,linucb,simple,A,0.8,0.0,0.0,1.0,1,0,0.84,1.0
228,linucb,simple,A,0.8,0.0,0.0,1.0,1,0,0.84,1.0
229,linucb,simple,A,0.8,0.0,0.0,1.0,1,0,0.84,1.0
230,linucb,hard,A,0.8,0.0,0.00095367431640625,1.0,1,0,0.84,1.0
231,linucb,simple,A,0.8,0.0,0.0,1.0,1,0,0.84,1.0
232,linucb,simple,A,0.8,0.0,0.00095367431640625,1.0,1,0,0.84,1.0
233,linucb,simple,A,0.8,0.0,0.00095367431640625,1.0,1,0,0.84,1.0
234,linucb,simple,A,0.8,0.0,0.0,1.0,1,0,0.84,1.0
235,linucb,simple,A,0.8,0.0,0.0,1.0,1,0,0.84,1.0
236,linucb,hard,A,0.8,0.0,0.0,1.0,1,0,0.84,1.0
237,linucb,hard,A,0.8,0.0,0.0,1.0,1,0,0.84,1.0
238,linucb,hard,A,0.8,0.0,0.0,1.0,1,0,0.84,1.0
239,linucb,simple,A,0.8,0.0,0.0,1.0,1,0,0.84,1.0
240,linucb,simple,A,0.8,0.0,0.0,1.0,1,0,0.84,1.0
241,linucb,simple,A,0.8,0.0,0.00095367431640625,1.0,1,0,0.84,1.0
242,linucb,simple,A,0.8,0.0,0.0,1.0,1,0,0.84,1.0
243,linucb,hard,A,0.8,0.0,0.0011920928955078125,1.0,1,0,0.84,1.0
244,linucb,hard,A,0.8,0.0,0.0,1.0,1,0,0.84,1.0
245,linucb,simple,A,0.8,0.0,0.0,1.0,1,0,0.84,1.0
246,linucb,hard,A,0.8,0.0,0.0,1.0,1,0,0.84,1.0
247,linucb,simple,A,0.8,0.0,0.0,1.0,1,0,0.84,1.0
248,linucb,hard,A,0.8,0.0,0.0,1.0,1,0,0.86,1.0
249,linucb,simple,A,0.8,0.0,0.0,1.0,1,0,0.88,1.0
250,linucb,hard,A,0.8,0.0,0.0,1.0,1,0,0.9,1.0
251,linucb,hard,A,0.8,0.0,0.0,1.0,1,0,0.92,1.0
252,linucb,hard,A,0.8,0.0,0.0011920928955078125,1.0,1,0,0.94,1.0
253,linucb,simple,A,0.8,0.0,0.0,1.0,1,0,0.94,1.0
254,linucb,hard,A,0.8,0.0,0.0,1.0,0,0,0.92,0.0
255,linucb,hard,B,0.6,0.0,0.0,0.1,0,0,0.92,0.0
256,linucb,hard,B,0.6,0.0,0.00095367431640625,0.1,1,0,0.94,1.0
257,linucb,hard,B,0.6,0.0,0.00095367431640625,0.1,0,0,0.92,0.0
258,linucb,hard,B,0.6,0.0,0.0011920928955078125,0.1,0,0,0.9,0.0
259,linucb,hard,B,0.6,0.0,0.0,0.1,0,0,0.88,0.0
260,linucb,simple,B,0.6,0.0,0.0,0.1,0,0,0.86,0.0
261,linucb,simple,B,0.6,0.0,0.0,0.1,1,0,0.86,1.0
262,linucb,hard,B,0.6,0.0,0.0,0.1,0,0,0.84,0.0
263,linucb,hard,B,0.6,0.0,0.00095367431640625,0.1,1,0,0.84,1.0
264,linucb,hard,B,0.6,0.0,0.0,0.1,0,0,0.82,0.0
265,linucb,hard,B,0.6,0.0,0.0,0.1,0,0,0.82,0.0
266,linucb,hard,B,0.6,0.0,0.0,0.1,0,0,0.8,0.0
267,linucb,simple,B,0.6,0.0,0.00095367431640625,0.1,0,0,0.78,0.0
268,linucb,simple,B,0.6,0.0,0.0,0.1,1,0,0.78,1.0
269,linucb,hard,B,0.6,0.0,0.00095367431640625,0.1,1,0,0.78,1.0
270,linucb,simple,A,0.8,0.0,0.0,1.0,1,0,0.78,1.0
271,linucb,simple,A,0.8,0.0,0.0011920928955078125,1.0,1,0,0.78,1.0
272,linucb,simple,A,0.8,0.0,0.0,1.0,1,0,0.78,1.0
273,linucb,hard,A,0.8,0.0,0.0,1.0,1,0,0.78,1.0
274,linucb,hard,A,0.8,0.0,0.0,1.0,1,0,0.78,1.0
275,linucb,simple,A,0.8,0.0,0.0007152557373046875,1.0,1,0,0.78,1.0
276,linucb,simple,A,0.8,0.0,0.0,1.0,1,0,0.78,1.0
277,linucb,simple,A,0.8,0.0,0.0,1.0,1,0,0.78,1.0
278,linucb,hard,A,0.8,0.0,0.0,1.0,1,0,0.78,1.0
279,linucb,simple,A,0.8,0.0,0.00095367431640625,1.0,1,0,0.78,1.0
280,linucb,simple,A,0.8,0.0,0.0,1.0,1,0,0.78,1.0
281,linucb,hard,A,0.8,0.0,0.0,1.0,1,0,0.78,1.0
282,linucb,hard,A,0.8,0.0,0.0,1.0,1,0,0.78,1.0
283,linucb,simple,A,0.8,0.0,0.0,1.0,1,0,0.78,1.0
284,linucb,hard,A,0.8,0.0,0.0,1.0,1,0,0.78,1.0
285,linucb,simple,A,0.8,0.0,0.0,1.0,1,0,0.78,1.0
286,linucb,hard,A,0.8,0.0,0.0,1.0,1,0,0.78,1.0
287,linucb,simple,A,0.8,0.0,0.0,1.0,1,0,0.78,1.0
288,linucb,hard,A,0.8,0.0,0.0011920928955078125,1.0,1,0,0.78,1.0
289,linucb,simple,A,0.8,0.0,0.0,1.0,1,0,0.78,1.0
290,linucb,hard,A,0.8,0.0,0.00095367431640625,1.0,1,0,0.78,1.0
291,linucb,simple,A,0.8,0.0,0.0,1.0,1,0,0.78,1.0
292,linucb,simple,A,0.8,0.0,0.0,1.0,1,0,0.78,1.0
293,linucb,simple,A,0.8,0.0,0.0,1.0,1,0,0.78,1.0
294,linucb,hard,A,0.8,0.0,0.0,1.0,1,0,0.78,1.0
295,linucb,hard,A,0.8,0.0,0.0,1.0,1,0,0.78,1.0
296,linucb,simple,A,0.8,0.0,0.0,1.0,1,0,0.78,1.0
297,linucb,simple,A,0.8,0.0,0.0,1.0,1,0,0.78,1.0
298,linucb,simple,A,0.8,0.0,0.0,1.0,1,0,0.78,1.0
299,linucb,simple,A,0.8,0.0,0.0,1.0,1,0,0.78,1.0
300,linucb,hard,A,0.8,0.0,0.0,1.0,1,0,0.78,1.0
301,linucb,hard,A,0.8,0.0,0.0,1.0,1,0,0.78,1.0
302,linucb,simple,A,0.8,0.0,0.0,1.0,1,0,0.78,1.0
303,linucb,hard,A,0.8,0.0,0.0,1.0,1,0,0.78,1.0
304,linucb,simple,A,0.8,0.0,0.00095367431640625,1.0,1,0,0.8,1.0
305,linucb,hard,A,0.8,0.0,0.0011920928955078125,1.0,1,0,0.82,1.0
306,linucb,hard,A,0.8,0.0,0.0,1.0,1,0,0.82,1.0
307,linucb,simple,A,0.8,0.0,0.0,1.0,1,0,0.84,1.0
308,linucb,simple,A,0.8,0.0,0.0,1.0,1,0,0.86,1.0
309,linucb,simple,A,0.8,0.0,0.00095367431640625,1.0,1,0,0.88,1.0
310,linucb,hard,A,0.8,0.0,0.0,1.0,1,0,0.9,1.0
311,linucb,simple,A,0.8,0.0,0.0011920928955078125,1.0,1,0,0.9,1.0
312,linucb,hard,A,0.8,0.0,0.00095367431640625,1.0,1,0,0.92,1.0
313,linucb,simple,A,0.8,0.0,0.0,1.0,1,0,0.92,1.0
314,linucb,simple,A,0.8,0.0,0.0,1.0,1,0,0.94,1.0
315,linucb,hard,A,0.8,0.0,0.00095367431640625,1.0,1,0,0.96,1.0
316,linucb,simple,A,0.8,0.0,0.0,1.0,1,0,0.98,1.0
317,linucb,simple,A,0.8,0.0,0.0011920928955078125,1.0,1,0,1.0,1.0
318,linucb,hard,A,0.8,0.0,0.0,1.0,1,0,1.0,1.0
319,linucb,hard,A,0.8,0.0,0.0,1.0,1,0,1.0,1.0
320,linucb,hard,A,0.8,0.0,0.0,1.0,1,0,1.0,1.0
321,linucb,simple,A,0.8,0.0,0.0,1.0,1,0,1.0,1.0
322,linucb,simple,A,0.8,0.0,0.0,1.0,1,0,1.0,1.0
323,linucb,simple,A,0.8,0.0,0.0,1.0,1,0,1.0,1.0
324,linucb,simple,A,0.8,0.0,0.0,1.0,1,0,1.0,1.0
325,linucb,simple,A,0.8,0.0,0.0,1.0,1,0,1.0,1.0
326,linucb,simple,A,0.8,0.0,0.0,1.0,1,0,1.0,1.0
327,linucb,simple,A,0.8,0.0,0.0,1.0,1,0,1.0,1.0
328,linucb,hard,A,0.8,0.0,0.0,1.0,1,0,1.0,1.0
329,linucb,hard,A,0.8,0.0,0.0,1.0,1,0,1.0,1.0
330,linucb,simple,A,0.8,0.0,0.0,1.0,1,0,1.0,1.0
331,linucb,hard,A,0.8,0.0,0.0,1.0,1,0,1.0,1.0
332,linucb,hard,A,0.8,0.0,0.0,1.0,1,0,1.0,1.0
333,linucb,simple,A,0.8,0.0,0.0,1.0,1,0,1.0,1.0
334,linucb,hard,A,0.8,0.0,0.0,1.0,1,0,1.0,1.0
335,linucb,hard,A,0.8,0.0,0.0,1.0,1,0,1.0,1.0
336,linucb,simple,A,0.8,0.0,0.0,1.0,1,0,1.0,1.0
337,linucb,hard,A,0.8,0.0,0.0,1.0,1,0,1.0,1.0
338,linucb,hard,A,0.8,0.0,0.0,1.0,1,0,1.0,1.0
339,linucb,hard,A,0.8,0.0,0.00095367431640625,1.0,1,0,1.0,1.0
340,linucb,simple,A,0.8,0.0,0.0,1.0,1,0,1.0,1.0
341,linucb,simple,A,0.8,0.0,0.0011920928955078125,1.0,1,0,1.0,1.0
342,linucb,simple,A,0.8,0.0,0.0,1.0,1,0,1.0,1.0
343,linucb,hard,A,0.8,0.0,0.0,1.0,1,0,1.0,1.0
344,linucb,simple,A,0.8,0.0,0.0,1.0,1,0,1.0,1.0
345,linucb,hard,A,0.8,0.0,0.0,1.0,1,0,1.0,1.0
346,linucb,hard,B,0.6,0.0,0.0,0.1,0,0,0.98,0.0
347,linucb,hard,B,0.6,0.0,0.0,0.1,0,0,0.96,0.0
348,linucb,hard,B,0.6,0.0,0.0,0.1,0,0,0.94,0.0
349,linucb,simple,B,0.6,0.0,0.00095367431640625,0.1,1,0,0.94,1.0
350,linucb,simple,A,0.8,0.0,0.0,1.0,1,0,0.94,1.0
351,linucb,simple,A,0.8,0.0,0.0,1.0,1,0,0.94,1.0
352,linucb,simple,A,0.8,0.0,0.0,1.0,1,0,0.94,1.0
353,linucb,simple,A,0.8,0.0,0.00095367431640625,1.0,1,0,0.94,1.0
354,linucb,hard,A,0.8,0.0,0.0,1.0,1,0,0.94,1.0
355,linucb,simple,A,0.8,0.0,0.0,1.0,1,0,0.94,1.0
356,linucb,hard,A,0.8,0.0,0.0,1.0,1,0,0.94,1.0
357,linucb,simple,A,0.8,0.0,0.0,1.0,1,0,0.94,1.0
358,linucb,simple,A,0.8,0.0,0.0,1.0,1,0,0.94,1.0
359,linucb,simple,B,0.6,0.0,0.00095367431640625,0.1,1,0,0.94,1.0
360,linucb,hard,A,0.8,0.0,0.0,1.0,1,0,0.94,1.0
361,linucb,hard,A,0.8,0.0,0.00095367431640625,1.0,1,0,0.94,1.0
362,linucb,hard,A,0.8,0.0,0.0,1.0,1,0,0.94,1.0
363,linucb,simple,A,0.8,0.0,0.0,1.0,1,0,0.94,1.0
364,linucb,simple,A,0.8,0.0,0.0,1.0,1,0,0.94,1.0
365,linucb,simple,A,0.8,0.0,0.0,1.0,1,0,0.94,1.0
366,linucb,simple,A,0.8,0.0,0.0,1.0,1,0,0.94,1.0
367,linucb,hard,A,0.8,0.0,0.0,1.0,1,0,0.94,1.0
368,linucb,simple,A,0.8,0.0,0.0,1.0,1,0,0.94,1.0
369,linucb,simple,A,0.8,0.0,0.0,1.0,1,0,0.94,1.0
370,linucb,hard,A,0.8,0.0,0.0007152557373046875,1.0,1,0,0.94,1.0
371,linucb,simple,A,0.8,0.0,0.0,1.0,1,0,0.94,1.0
372,linucb,hard,A,0.8,0.0,0.0,1.0,1,0,0.94,1.0
373,linucb,simple,A,0.8,0.0,0.0,1.0,1,0,0.94,1.0
374,linucb,hard,A,0.8,0.0,0.0,1.0,1,0,0.94,1.0
375,linucb,simple,A,0.8,0.0,0.0,1.0,1,0,0.94,1.0
376,linucb,hard,A,0.8,0.0,0.0,1.0,1,0,0.94,1.0
377,linucb,simple,A,0.8,0.0,0.0,1.0,1,0,0.94,1.0
378,linucb,hard,A,0.8,0.0,0.0,1.0,1,0,0.94,1.0
379,linucb,simple,A,0.8,0.0,0.0,1.0,1,0,0.94,1.0
380,linucb,hard,A,0.8,0.0,0.0,1.0,1,0,0.94,1.0
381,linucb,simple,A,0.8,0.0,0.0019073486328125,1.0,1,0,0.94,1.0
382,linucb,simple,A,0.8,0.0,0.0011920928955078125,1.0,1,0,0.94,1.0
383,linucb,simple,A,0.8,0.0,0.0,1.0,1,0,0.94,1.0
384,linucb,hard,A,0.8,0.0,0.0,1.0,1,0,0.94,1.0
385,linucb,simple,A,0.8,0.0,0.0,1.0,1,0,0.94,1.0
386,linucb,hard,A,0.8,0.0,0.0,1.0,1,0,0.94,1.0
387,linucb,hard,A,0.8,0.0,0.00095367431640625,1.0,1,0,0.94,1.0
388,linucb,hard,A,0.8,0.0,0.0,1.0,1,0,0.94,1.0
389,linucb,simple,A,0.8,0.0,0.0,1.0,1,0,0.94,1.0
390,linucb,simple,A,0.8,0.0,0.0,1.0,1,0,0.94,1.0
391,linucb,hard,A,0.8,0.0,0.0,1.0,1,0,0.94,1.0
392,linucb,simple,A,0.8,0.0,0.00095367431640625,1.0,1,0,0.94,1.0
393,linucb,simple,A,0.8,0.0,0.0,1.0,1,0,0.94,1.0
394,linucb,simple,A,0.8,0.0,0.0,1.0,1,0,0.94,1.0
395,linucb,hard,A,0.8,0.0,0.0011920928955078125,1.0,1,0,0.94,1.0
396,linucb,simple,A,0.8,0.0,0.0,1.0,1,0,0.96,1.0
397,linucb,simple,B,0.6,0.0,0.0,0.1,1,0,0.98,1.0
398,linucb,hard,A,0.8,0.0,0.0,1.0,1,0,1.0,1.0
399,linucb,hard,A,0.8,0.0,0.0,1.0,1,0,1.0,1.0
400,linucb,hard,A,0.8,0.0,0.0011920928955078125,1.0,0,1,0.98,0.0
401,linucb,simple,B,0.6,0.0,0.0,0.1,1,0,0.98,1.0
402,linucb,hard,B,0.6,0.0,0.0,0.1,0,0,0.96,0.0
403,linucb,simple,B,0.6,0.0,0.00095367431640625,0.1,0,0,0.94,0.0
404,linucb,hard,B,0.6,0.0,0.0,0.1,0,0,0.92,0.0
405,linucb,simple,B,0.6,0.0,0.00095367431640625,0.1,1,0,0.92,1.0
406,linucb,hard,B,0.6,0.0,0.00095367431640625,0.1,1,0,0.92,1.0
407,linucb,hard,A,0.8,0.0,0.0,1.0,0,0,0.9,0.0
408,linucb,simple,B,0.6,0.0,0.0,0.1,1,0,0.9,1.0
409,linucb,hard,C,0.6,0.0,0.00095367431640625,0.3,1,0,0.9,1.0
410,linucb,simple,C,0.6,0.0,0.0,0.3,1,0,0.9,1.0
411,linucb,hard,B,0.6,0.0,0.0016689300537109375,0.1,0,0,0.88,0.0
412,linucb,simple,B,0.6,0.0,0.0,0.1,1,0,0.88,1.0
413,linucb,simple,C,0.6,0.0,0.0,0.3,1,0,0.88,1.0
414,linucb,hard,C,0.6,0.0,0.0011920928955078125,0.3,1,0,0.88,1.0
415,linucb,hard,C,0.6,0.0,0.0,0.3,1,0,0.88,1.0
416,linucb,simple,C,0.6,0.0,0.0,0.3,1,0,0.88,1.0
417,linucb,simple,C,0.6,0.0,0.0,0.3,1,0,0.88,1.0
418,linucb,hard,C,0.6,0.0,0.0,0.3,0,0,0.86,0.0
419,linucb,simple,C,0.6,0.0,0.0,0.3,1,0,0.86,1.0
420,linucb,simple,C,0.6,0.0,0.0007152557373046875,0.3,1,0,0.86,1.0
421,linucb,hard,C,0.6,0.0,0.0,0.3,0,0,0.84,0.0
422,linucb,hard,B,0.6,0.0,0.0,0.1,0,0,0.82,0.0
423,linucb,hard,B,0.6,0.0,0.0,0.1,0,0,0.8,0.0
424,linucb,hard,B,0.6,0.0,0.0,0.1,0,0,0.78,0.0
425,linucb,hard,B,0.6,0.0,0.00095367431640625,0.1,0,0,0.76,0.0
426,linucb,simple,B,0.6,0.0,0.0,0.1,1,0,0.76,1.0
427,linucb,hard,B,0.6,0.0,0.0,0.1,1,0,0.76,1.0
428,linucb,hard,A,0.8,0.0,0.0,1.0,0,0,0.74,0.0
429,linucb,hard,B,0.6,0.0,0.0,0.1,0,0,0.72,0.0
430,linucb,simple,B,0.6,0.0,0.0,0.1,1,0,0.72,1.0
431,linucb,simple,B,0.6,0.0,0.0,0.1,1,0,0.72,1.0
432,linucb,hard,A,0.8,0.0,0.00095367431640625,1.0,1,0,0.72,1.0
433,linucb,simple,A,0.8,0.0,0.0,1.0,1,0,0.72,1.0
434,linucb,simple,A,0.8,0.0,0.0,1.0,1,0,0.72,1.0
435,linucb,simple,A,0.8,0.0,0.0,1.0,1,0,0.72,1.0
436,linucb,simple,A,0.8,0.0,0.0,1.0,1,0,0.72,1.0
437,linucb,simple,A,0.8,0.0,0.0,1.0,1,0,0.72,1.0
438,linucb,simple,A,0.8,0.0,0.0,1.0,1,0,0.72,1.0
439,linucb,hard,A,0.8,0.0,0.0,1.0,0,0,0.7,0.0
440,linucb,hard,C,0.6,0.0,0.0,0.3,0,0,0.68,0.0
441,linucb,hard,A,0.8,0.0,0.0,1.0,0,0,0.66,0.0
442,linucb,hard,A,0.8,0.0,0.0,1.0,0,0,0.64,0.0
443,linucb,hard,A,0.8,0.0,0.0,1.0,0,0,0.62,0.0
444,linucb,hard,A,0.8,0.0,0.0,1.0,0,0,0.6,0.0
445,linucb,hard,A,0.8,0.0,0.00095367431640625,1.0,0,0,0.58,0.0
446,linucb,simple,A,0.8,0.0,0.0,1.0,1,0,0.58,1.0
447,linucb,simple,A,0.8,0.0,0.0,1.0,1,0,0.58,1.0
448,linucb,simple,A,0.8,0.0,0.0,1.0,1,0,0.58,1.0
449,linucb,hard,A,0.8,0.0,0.0,1.0,0,0,0.56,0.0
450,linucb,simple,A,0.8,0.0,0.0,1.0,1,0,0.58,1.0
451,linucb,hard,A,0.8,0.0,0.0,1.0,0,0,0.56,0.0
452,linucb,hard,A,0.8,0.0,0.00095367431640625,1.0,0,0,0.56,0.0
453,linucb,hard,A,0.8,0.0,0.0,1.0,0,0,0.56,0.0
454,linucb,simple,A,0.8,0.0,0.0,1.0,1,0,0.58,1.0
455,linucb,hard,A,0.8,0.0,0.0,1.0,0,0,0.56,0.0
456,linucb,simple,A,0.8,0.0,0.00095367431640625,1.0,1,0,0.56,1.0
457,linucb,hard,A,0.8,0.0,0.0,1.0,0,0,0.56,0.0
458,linucb,simple,A,0.8,0.0,0.0,1.0,1,0,0.56,1.0
459,linucb,simple,A,0.8,0.0,0.0,1.0,1,0,0.56,1.0
460,linucb,simple,A,0.8,0.0,0.0019073486328125,1.0,1,0,0.56,1.0
461,linucb,hard,A,0.8,0.0,0.0,1.0,0,0,0.56,0.0
462,linucb,simple,A,0.8,0.0,0.0,1.0,1,0,0.56,1.0
463,linucb,hard,A,0.8,0.0,0.0,1.0,0,0,0.54,0.0
464,linucb,simple,A,0.8,0.0,0.0,1.0,1,0,0.54,1.0
465,linucb,simple,A,0.8,0.0,0.0,1.0,1,0,0.54,1.0
466,linucb,hard,A,0.8,0.0,0.0,1.0,1,0,0.54,1.0
467,linucb,simple,A,0.8,0.0,0.0011920928955078125,1.0,1,0,0.54,1.0
468,linucb,simple,A,0.8,0.0,0.0,1.0,1,0,0.56,1.0
469,linucb,simple,A,0.8,0.0,0.00095367431640625,1.0,1,0,0.56,1.0
470,linucb,hard,A,0.8,0.0,0.0,1.0,0,0,0.54,0.0
471,linucb,hard,A,0.8,0.0,0.0,1.0,0,0,0.54,0.0
472,linucb,hard,A,0.8,0.0,0.0007152557373046875,1.0,0,0,0.54,0.0
473,linucb,hard,A,0.8,0.0,0.0,1.0,1,0,0.56,1.0
474,linucb,hard,A,0.8,0.0,0.0,1.0,0,0,0.56,0.0
475,linucb,simple,A,0.8,0.0,0.0,1.0,1,0,0.58,1.0
476,linucb,hard,A,0.8,0.0,0.00095367431640625,1.0,0,0,0.56,0.0
477,linucb,hard,A,0.8,0.0,0.00095367431640625,1.0,0,0,0.54,0.0
478,linucb,hard,A,0.8,0.0,0.00095367431640625,1.0,0,0,0.54,0.0
479,linucb,hard,A,0.8,0.0,0.00095367431640625,1.0,0,0,0.54,0.0
480,linucb,hard,A,0.8,0.0,0.0011920928955078125,1.0,0,0,0.52,0.0
481,linucb,simple,A,0.8,0.0,0.0,1.0,1,0,0.52,1.0
482,linucb,hard,A,0.8,0.0,0.0,1.0,0,0,0.5,0.0
483,linucb,hard,A,0.8,0.0,0.0,1.0,0,0,0.48,0.0
484,linucb,simple,A,0.8,0.0,0.0011920928955078125,1.0,1,0,0.48,1.0
485,linucb,hard,A,0.8,0.0,0.0,1.0,0,0,0.46,0.0
486,linucb,hard,A,0.8,0.0,0.0,1.0,0,0,0.44,0.0
487,linucb,hard,A,0.8,0.0,0.0,1.0,0,0,0.42,0.0
488,linucb,hard,A,0.8,0.0,0.0,1.0,0,0,0.4,0.0
489,linucb,hard,A,0.8,0.0,0.0,1.0,0,0,0.4,0.0
490,linucb,simple,A,0.8,0.0,0.0,1.0,1,0,0.42,1.0
491,linucb,simple,A,0.8,0.0,0.0,1.0,1,0,0.44,1.0
492,linucb,simple,A,0.8,0.0,0.00095367431640625,1.0,1,0,0.46,1.0
493,linucb,simple,A,0.8,0.0,0.0,1.0,1,0,0.48,1.0
494,linucb,simple,A,0.8,0.0,0.00095367431640625,1.0,1,0,0.5,1.0
495,linucb,hard,A,0.8,0.0,0.0,1.0,0,0,0.5,0.0
496,linucb,hard,A,0.8,0.0,0.0,1.0,0,0,0.48,0.0
497,linucb,simple,A,0.8,0.0,0.0,1.0,1,0,0.48,1.0
498,linucb,simple,A,0.8,0.0,0.0,1.0,1,0,0.48,1.0
499,linucb,hard,A,0.8,0.0,0.0,1.0,1,0,0.5,1.0
